10 65
20 125
30 185
40 245
50 305
60 365
70 425
80 485
90 545
100 605
110 665
120 725
130 785
140 845
150 905
160 965
170 1025
180 1085
190 1145
200 1205
210 1265
220 1325
230 1385
240 1445
250 1505
260 1565
270 1625
280 1685
290 1745
300 1805
310 1865
320 1925
330 1985
340 2045
350 2105
360 2165
370 2225
380 2285
390 2345
400 2405
410 2465
420 2525
430 2585
440 2645
450 2705
460 2765
470 2825
480 2885
490 2945
500 3005
510 3065
520 3125
530 3185
540 3245
550 3305
560 3365
570 3425
580 3485
590 3545
600 3605
610 3665
620 3725
630 3785
640 3845
650 3905
660 3965
670 4025
680 4085
690 4145
700 4205
710 4265
720 4325
730 4385
740 4445
750 4505
760 4565
770 4625
780 4685
790 4745
800 4805
810 4865
820 4925
830 4985
840 5045
850 5105
860 5165
870 5225
880 5285
890 5345
900 5405
910 5465
920 5525
930 5585
940 5645
950 5705
960 5765
970 5825
980 5885
990 5945
1000 6005
1010 6065
1020 6125
1030 6185
1040 6245
1050 6305
1060 6365
1070 6425
1080 6485
1090 6545
1100 6605
1110 6665
1120 6725
1130 6785
1140 6845
1150 6905
1160 6965
1170 7025
1180 7085
1190 7145
1200 7205
1210 7265
1220 7325
1230 7385
1240 7445
1250 7505
1260 7565
1270 7625
1280 7685
1290 7745
1300 7805
1310 7865
1320 7925
1330 7985
1340 8045
1350 8105
1360 8165
1370 8225
1380 8285
1390 8345
1400 8405
1410 8465
1420 8525
1430 8585
1440 8645
1450 8705
1460 8765
1470 8825
1480 8885
1490 8945
1500 9005
1510 9065
1520 9125
1530 9185
1540 9245
1550 9305
1560 9365
1570 9425
1580 9485
1590 9545
1600 9605
1610 9665
1620 9725
1630 9785
1640 9845
1650 9905
1660 9965
1670 10025
1680 10085
1690 10145
1700 10205
1710 10265
1720 10325
1730 10385
1740 10445
1750 10505
1760 10565
1770 10625
1780 10685
1790 10745
1800 10805
1810 10865
1820 10925
1830 10985
1840 11045
1850 11105
1860 11165
1870 11225
1880 11285
1890 11345
1900 11405
1910 11465
1920 11525
1930 11585
1940 11645
1950 11705
1960 11765
1970 11825
1980 11885
1990 11945
2000 12005
2010 12065
2020 12125
2030 12185
2040 12245
2050 12305
2060 12365
2070 12425
2080 12485
2090 12545
2100 12605
2110 12665
2120 12725
2130 12785
2140 12845
2150 12905
2160 12965
2170 13025
2180 13085
2190 13145
2200 13205
2210 13265
2220 13325
2230 13385
2240 13445
2250 13505
2260 13565
2270 13625
2280 13685
2290 13745
2300 13805
2310 13865
2320 13925
2330 13985
2340 14045
2350 14105
2360 14165
2370 14225
2380 14285
2390 14345
2400 14405
2410 14465
2420 14525
2430 14585
2440 14645
2450 14705
2460 14765
2470 14825
2480 14885
2490 14945
2500 15005
2510 15065
2520 15125
2530 15185
2540 15245
2550 15305
2560 15365
2570 15425
2580 15485
2590 15545
2600 15605
2610 15665
2620 15725
2630 15785
2640 15845
2650 15905
2660 15965
2670 16025
2680 16085
2690 16145
2700 16205
2710 16265
2720 16325
2730 16385
2740 16445
2750 16505
2760 16565
2770 16625
2780 16685
2790 16745
2800 16805
2810 16865
2820 16925
2830 16985
2840 17045
2850 17105
2860 17165
2870 17225
2880 17285
2890 17345
2900 17405
2910 17465
2920 17525
2930 17585
2940 17645
2950 17705
2960 17765
2970 17825
2980 17885
2990 17945
3000 18005
3010 18065
3020 18125
3030 18185
3040 18245
3050 18305
3060 18365
3070 18425
3080 18485
3090 18545
3100 18605
3110 18665
3120 18725
3130 18785
3140 18845
3150 18905
3160 18965
3170 19025
3180 19085
3190 19145
3200 19205
3210 19265
3220 19325
3230 19385
3240 19445
3250 19505
3260 19565
3270 19625
3280 19685
3290 19745
3300 19805
3310 19865
3320 19925
3330 19985
3340 20045
3350 20105
3360 20165
3370 20225
3380 20285
3390 20345
3400 20405
3410 20465
3420 20525
3430 20585
3440 20645
3450 20705
3460 20765
3470 20825
3480 20885
3490 20945
3500 21005
3510 21065
3520 21125
3530 21185
3540 21245
3550 21305
3560 21365
3570 21425
3580 21485
3590 21545
3600 21605
3610 21665
3620 21725
3630 21785
3640 21845
3650 21905
3660 21965
3670 22025
3680 22085
3690 22145
3700 22205
3710 22265
3720 22325
3730 22385
3740 22445
3750 22505
3760 22565
3770 22625
3780 22685
3790 22745
3800 22805
3810 22865
3820 22925
3830 22985
3840 23045
3850 23105
3860 23165
3870 23225
3880 23285
3890 23345
3900 23405
3910 23465
3920 23525
3930 23585
3940 23645
3950 23705
3960 23765
3970 23825
3980 23885
3990 23945
4000 24005
4010 24065
4020 24125
4030 24185
4040 24245
4050 24305
4060 24365
4070 24425
4080 24485
4090 24545
4100 24605
4110 24665
4120 24725
4130 24785
4140 24845
4150 24905
4160 24965
4170 25025
4180 25085
4190 25145
4200 25205
4210 25265
4220 25325
4230 25385
4240 25445
4250 25505
4260 25565
4270 25625
4280 25685
4290 25745
4300 25805
4310 25865
4320 25925
4330 25985
4340 26045
4350 26105
4360 26165
4370 26225
4380 26285
4390 26345
4400 26405
4410 26465
4420 26525
4430 26585
4440 26645
4450 26705
4460 26765
4470 26825
4480 26885
4490 26945
4500 27005
4510 27065
4520 27125
4530 27185
4540 27245
4550 27305
4560 27365
4570 27425
4580 27485
4590 27545
4600 27605
4610 27665
4620 27725
4630 27785
4640 27845
4650 27905
4660 27965
4670 28025
4680 28085
4690 28145
4700 28205
4710 28265
4720 28325
4730 28385
4740 28445
4750 28505
4760 28565
4770 28625
4780 28685
4790 28745
4800 28805
4810 28865
4820 28925
4830 28985
4840 29045
4850 29105
4860 29165
4870 29225
4880 29285
4890 29345
4900 29405
4910 29465
4920 29525
4930 29585
4940 29645
4950 29705
4960 29765
4970 29825
4980 29885
4990 29945
5000 30005
5010 30065
5020 30125
5030 30185
5040 30245
5050 30305
5060 30365
5070 30425
5080 30485
5090 30545
5100 30605
5110 30665
5120 30725
5130 30785
5140 30845
5150 30905
5160 30965
5170 31025
5180 31085
5190 31145
5200 31205
5210 31265
5220 31325
5230 31385
5240 31445
5250 31505
5260 31565
5270 31625
5280 31685
5290 31745
5300 31805
5310 31865
5320 31925
5330 31985
5340 32045
5350 32105
5360 32165
5370 32225
5380 32285
5390 32345
5400 32405
5410 32465
5420 32525
5430 32585
5440 32645
5450 32705
5460 32765
5470 32825
5480 32885
5490 32945
5500 33005
5510 33065
5520 33125
5530 33185
5540 33245
5550 33305
5560 33365
5570 33425
5580 33485
5590 33545
5600 33605
5610 33665
5620 33725
5630 33785
5640 33845
5650 33905
5660 33965
5670 34025
5680 34085
5690 34145
5700 34205
5710 34265
5720 34325
5730 34385
5740 34445
5750 34505
5760 34565
5770 34625
5780 34685
5790 34745
5800 34805
5810 34865
5820 34925
5830 34985
5840 35045
5850 35105
5860 35165
5870 35225
5880 35285
5890 35345
5900 35405
5910 35465
5920 35525
5930 35585
5940 35645
5950 35705
5960 35765
5970 35825
5980 35885
5990 35945
6000 36005
6010 36065
6020 36125
6030 36185
6040 36245
6050 36305
6060 36365
6070 36425
6080 36485
6090 36545
6100 36605
6110 36665
6120 36725
6130 36785
6140 36845
6150 36905
6160 36965
6170 37025
6180 37085
6190 37145
6200 37205
6210 37265
6220 37325
6230 37385
6240 37445
6250 37505
6260 37565
6270 37625
6280 37685
6290 37745
6300 37805
6310 37865
6320 37925
6330 37985
6340 38045
6350 38105
6360 38165
6370 38225
6380 38285
6390 38345
6400 38405
6410 38465
6420 38525
6430 38585
6440 38645
6450 38705
6460 38765
6470 38825
6480 38885
6490 38945
6500 39005
6510 39065
6520 39125
6530 39185
6540 39245
6550 39305
6560 39365
6570 39425
6580 39485
6590 39545
6600 39605
6610 39665
6620 39725
6630 39785
6640 39845
6650 39905
6660 39965
6670 40025
6680 40085
6690 40145
6700 40205
6710 40265
6720 40325
6730 40385
6740 40445
6750 40505
6760 40565
6770 40625
6780 40685
6790 40745
6800 40805
6810 40865
6820 40925
6830 40985
6840 41045
6850 41105
6860 41165
6870 41225
6880 41285
6890 41345
6900 41405
6910 41465
6920 41525
6930 41585
6940 41645
6950 41705
6960 41765
6970 41825
6980 41885
6990 41945
7000 42005
7010 42065
7020 42125
7030 42185
7040 42245
7050 42305
7060 42365
7070 42425
7080 42485
7090 42545
7100 42605
7110 42665
7120 42725
7130 42785
7140 42845
7150 42905
7160 42965
7170 43025
7180 43085
7190 43145
7200 43205
7210 43265
7220 43325
7230 43385
7240 43445
7250 43505
7260 43565
7270 43625
7280 43685
7290 43745
7300 43805
7310 43865
7320 43925
7330 43985
7340 44045
7350 44105
7360 44165
7370 44225
7380 44285
7390 44345
7400 44405
7410 44465
7420 44525
7430 44585
7440 44645
7450 44705
7460 44765
7470 44825
7480 44885
7490 44945
7500 45005
7510 45065
7520 45125
7530 45185
7540 45245
7550 45305
7560 45365
7570 45425
7580 45485
7590 45545
7600 45605
7610 45665
7620 45725
7630 45785
7640 45845
7650 45905
7660 45965
7670 46025
7680 46085
7690 46145
7700 46205
7710 46265
7720 46325
7730 46385
7740 46445
7750 46505
7760 46565
7770 46625
7780 46685
7790 46745
7800 46805
7810 46865
7820 46925
7830 46985
7840 47045
7850 47105
7860 47165
7870 47225
7880 47285
7890 47345
7900 47405
7910 47465
7920 47525
7930 47585
7940 47645
7950 47705
7960 47765
7970 47825
7980 47885
7990 47945
8000 48005
8010 48065
8020 48125
8030 48185
8040 48245
8050 48305
8060 48365
8070 48425
8080 48485
8090 48545
8100 48605
8110 48665
8120 48725
8130 48785
8140 48845
8150 48905
8160 48965
8170 49025
8180 49085
8190 49145
8200 49205
8210 49265
8220 49325
8230 49385
8240 49445
8250 49505
8260 49565
8270 49625
8280 49685
8290 49745
8300 49805
8310 49865
8320 49925
8330 49985
8340 50045
8350 50105
8360 50165
8370 50225
8380 50285
8390 50345
8400 50405
8410 50465
8420 50525
8430 50585
8440 50645
8450 50705
8460 50765
8470 50825
8480 50885
8490 50945
8500 51005
8510 51065
8520 51125
8530 51185
8540 51245
8550 51305
8560 51365
8570 51425
8580 51485
8590 51545
8600 51605
8610 51665
8620 51725
8630 51785
8640 51845
8650 51905
8660 51965
8670 52025
8680 52085
8690 52145
8700 52205
8710 52265
8720 52325
8730 52385
8740 52445
8750 52505
8760 52565
8770 52625
8780 52685
8790 52745
8800 52805
8810 52865
8820 52925
8830 52985
8840 53045
8850 53105
8860 53165
8870 53225
8880 53285
8890 53345
8900 53405
8910 53465
8920 53525
8930 53585
8940 53645
8950 53705
8960 53765
8970 53825
8980 53885
8990 53945
9000 54005
9010 54065
9020 54125
9030 54185
9040 54245
9050 54305
9060 54365
9070 54425
9080 54485
9090 54545
9100 54605
9110 54665
9120 54725
9130 54785
9140 54845
9150 54905
9160 54965
9170 55025
9180 55085
9190 55145
9200 55205
9210 55265
9220 55325
9230 55385
9240 55445
9250 55505
9260 55565
9270 55625
9280 55685
9290 55745
9300 55805
9310 55865
9320 55925
9330 55985
9340 56045
9350 56105
9360 56165
9370 56225
9380 56285
9390 56345
9400 56405
9410 56465
9420 56525
9430 56585
9440 56645
9450 56705
9460 56765
9470 56825
9480 56885
9490 56945
9500 57005
9510 57065
9520 57125
9530 57185
9540 57245
9550 57305
9560 57365
9570 57425
9580 57485
9590 57545
9600 57605
9610 57665
9620 57725
9630 57785
9640 57845
9650 57905
9660 57965
9670 58025
9680 58085
9690 58145
9700 58205
9710 58265
9720 58325
9730 58385
9740 58445
9750 58505
9760 58565
9770 58625
9780 58685
9790 58745
9800 58805
9810 58865
9820 58925
9830 58985
9840 59045
9850 59105
9860 59165
9870 59225
9880 59285
9890 59345
9900 59405
9910 59465
9920 59525
9930 59585
9940 59645
9950 59705
9960 59765
9970 59825
9980 59885
9990 59945
10000 60005
